火凤燎原/[Mox.moe][火鳳燎原]卷04.kepub.epub
25 28 35 56 75 149 160 170
火凤燎原/[Mox.moe][火鳳燎原]卷05.kepub.epub
5 6 31 33 36 41 60 61 74 92 180 188
火凤燎原/[Mox.moe][火鳳燎原]卷06.kepub.epub
9 10 21 24 28 31 38 41 45 50 109 120 145 161 171 180 184 204 205
火凤燎原/[Mox.moe][火鳳燎原]卷07.kepub.epub
4 7 9 18 38 39 52 92 142 149 180 186 188 198
火凤燎原/[Mox.moe][火鳳燎原]卷08.kepub.epub
4 10 22 27 39 40 43 52 58 70 80 88 89 90 115 121 133 134 158 163
火凤燎原/[Mox.moe][火鳳燎原]卷09.kepub.epub
7 11 13 30 47 52 63 79 80 98 102 133 141 154 157 174 186 196
